A = [-0.0040383664156692-0.00294191598222591i, ...
     1.00279327279556+0.00768012699728154i, ...
     -0.00226521017869135+0.00526418383309796i, ...
     0.999498954084202-0.007158248828685i, ...
     -0.00549315262581557+0.00808461388120792i, ...
     0.998352426774419+0.00927983415466687i, ...
     0.00736345881927219+0.00540426830690426i, ...
     0.989408434745709-0.0144762821959683i, ...
     0.00827899268722473+0.0122398877118786i, ...
     0.999298739008971-0.0129949269950415i, ...
     -5.47057549608037e-07-0.0130605748664198i, ...
     1.01414402334238+0.0131228156923076i, ...
     0.000678728159952879-0.00434397278237206i, ...
     0.985341332736134+0.0239798712601118i, ...
     0.0109818351271128-0.00658607972360998i, ...
     1.01709879921672-0.00394256645505557i, ...
     0.000335417716939878-0.00461609765687651i, ...
     0.996785178287252-3.51718069407279e-05i, ...
     -0.0137042758344959+0.00734580139566216i, ...
     1.01389851161064+0.00526816880638668i, ...
     -0.0143246406043654-0.0173541476823603i, ...
     0.984838248467196-0.00274924075252472i, ...
     -0.00383017735389232-0.00877400220581385i, ...
     0.996013541706753+0.0113592028562242i, ...
     -0.00607963966107746-0.00701052911751136i, ...
     1.00401827238935-0.0163653626342944i]