B1=-37116*2^(-8);
B2=-32992*2^(-8);
A1=55545*2^(-8);
A2= 49374*2^(-8);

sinn=25*2^(-10);
coss=1024*2^(-10);

Reall=A1-coss*A2+((sinn*B2)/2)
imagg=B1-sinn*A2-((coss*B2)/2)